first obs: tensor([[-0.3016,  0.8262,  0.1271,  0.0000,  0.0000,  0.0000,  0.0000,  0.0000,
          0.0000,  0.0000,  0.0000,  0.0000,  0.0000,  0.0000,  0.0000,  0.0000,
          0.0000,  0.0000,  0.0000,  0.0000,  0.0000,  0.0000,  0.0000,  0.0000,
          0.0000,  0.0000,  0.0000,  0.0000,  0.0000,  0.0000,  0.0000,  0.0000,
          0.0000,  0.0000,  0.0000,  0.0000,  0.0000,  0.0000,  0.0000,  0.0000,
          0.0000,  0.0000,  0.0000,  0.0000,  0.0000],
        [ 0.3527,  0.9993, -0.3840,  0.0000,  0.0000,  0.0000,  0.0000,  0.0000,
          0.0000,  0.0000,  0.0000,  0.0000,  0.0000,  0.0000,  0.0000,  0.0000,
          0.0000,  0.0000,  0.0000,  0.0000,  0.0000,  0.0000,  0.0000,  0.0000,
          0.0000,  0.0000,  0.0000,  0.0000,  0.0000,  0.0000,  0.0000,  0.0000,
          0.0000,  0.0000,  0.0000,  0.0000,  0.0000,  0.0000,  0.0000,  0.0000,
          0.0000,  0.0000,  0.0000,  0.0000,  0.0000],
        [-0.4955,  0.7417,  0.0598,  0.0000,  0.0000,  0.0000,  0.0000,  0.0000,
          0.0000,  0.0000,  0.0000,  0.0000,  0.0000,  0.0000,  0.0000,  0.0000,
          0.0000,  0.0000,  0.0000,  0.0000,  0.0000,  0.0000,  0.0000,  0.0000,
          0.0000,  0.0000,  0.0000,  0.0000,  0.0000,  0.0000,  0.0000,  0.0000,
          0.0000,  0.0000,  0.0000,  0.0000,  0.0000,  0.0000,  0.0000,  0.0000,
          0.0000,  0.0000,  0.0000,  0.0000,  0.0000],
        [-0.7563, -0.3074, -0.5461,  0.0000,  0.0000,  0.0000,  0.0000,  0.0000,
          0.0000,  0.0000,  0.0000,  0.0000,  0.0000,  0.0000,  0.0000,  0.0000,
          0.0000,  0.0000,  0.0000,  0.0000,  0.0000,  0.0000,  0.0000,  0.0000,
          0.0000,  0.0000,  0.0000,  0.0000,  0.0000,  0.0000,  0.0000,  0.0000,
          0.0000,  0.0000,  0.0000,  0.0000,  0.0000,  0.0000,  0.0000,  0.0000,
          0.0000,  0.0000,  0.0000,  0.0000,  0.0000],
        [-0.4422,  0.9663, -0.0680,  0.0000,  0.0000,  0.0000,  0.0000,  0.0000,
          0.0000,  0.0000,  0.0000,  0.0000,  0.0000,  0.0000,  0.0000,  0.0000,
          0.0000,  0.0000,  0.0000,  0.0000,  0.0000,  0.0000,  0.0000,  0.0000,
          0.0000,  0.0000,  0.0000,  0.0000,  0.0000,  0.0000,  0.0000,  0.0000,
          0.0000,  0.0000,  0.0000,  0.0000,  0.0000,  0.0000,  0.0000,  0.0000,
          0.0000,  0.0000,  0.0000,  0.0000,  0.0000],
        [ 0.2443,  0.4280, -0.0314,  0.0000,  0.0000,  0.0000,  0.0000,  0.0000,
          0.0000,  0.0000,  0.0000,  0.0000,  0.0000,  0.0000,  0.0000,  0.0000,
          0.0000,  0.0000,  0.0000,  0.0000,  0.0000,  0.0000,  0.0000,  0.0000,
          0.0000,  0.0000,  0.0000,  0.0000,  0.0000,  0.0000,  0.0000,  0.0000,
          0.0000,  0.0000,  0.0000,  0.0000,  0.0000,  0.0000,  0.0000,  0.0000,
          0.0000,  0.0000,  0.0000,  0.0000,  0.0000],
        [-0.9635, -0.2882, -0.4063,  0.0000,  0.0000,  0.0000,  0.0000,  0.0000,
          0.0000,  0.0000,  0.0000,  0.0000,  0.0000,  0.0000,  0.0000,  0.0000,
          0.0000,  0.0000,  0.0000,  0.0000,  0.0000,  0.0000,  0.0000,  0.0000,
          0.0000,  0.0000,  0.0000,  0.0000,  0.0000,  0.0000,  0.0000,  0.0000,
          0.0000,  0.0000,  0.0000,  0.0000,  0.0000,  0.0000,  0.0000,  0.0000,
          0.0000,  0.0000,  0.0000,  0.0000,  0.0000],
        [-0.8090,  0.3897,  0.4264,  0.0000,  0.0000,  0.0000,  0.0000,  0.0000,
          0.0000,  0.0000,  0.0000,  0.0000,  0.0000,  0.0000,  0.0000,  0.0000,
          0.0000,  0.0000,  0.0000,  0.0000,  0.0000,  0.0000,  0.0000,  0.0000,
          0.0000,  0.0000,  0.0000,  0.0000,  0.0000,  0.0000,  0.0000,  0.0000,
          0.0000,  0.0000,  0.0000,  0.0000,  0.0000,  0.0000,  0.0000,  0.0000,
          0.0000,  0.0000,  0.0000,  0.0000,  0.0000],
        [ 0.0522, -0.0559,  0.5977,  0.0000,  0.0000,  0.0000,  0.0000,  0.0000,
          0.0000,  0.0000,  0.0000,  0.0000,  0.0000,  0.0000,  0.0000,  0.0000,
          0.0000,  0.0000,  0.0000,  0.0000,  0.0000,  0.0000,  0.0000,  0.0000,
          0.0000,  0.0000,  0.0000,  0.0000,  0.0000,  0.0000,  0.0000,  0.0000,
          0.0000,  0.0000,  0.0000,  0.0000,  0.0000,  0.0000,  0.0000,  0.0000,
          0.0000,  0.0000,  0.0000,  0.0000,  0.0000],
        [-0.6982, -0.3877, -0.1163,  0.0000,  0.0000,  0.0000,  0.0000,  0.0000,
          0.0000,  0.0000,  0.0000,  0.0000,  0.0000,  0.0000,  0.0000,  0.0000,
          0.0000,  0.0000,  0.0000,  0.0000,  0.0000,  0.0000,  0.0000,  0.0000,
          0.0000,  0.0000,  0.0000,  0.0000,  0.0000,  0.0000,  0.0000,  0.0000,
          0.0000,  0.0000,  0.0000,  0.0000,  0.0000,  0.0000,  0.0000,  0.0000,
          0.0000,  0.0000,  0.0000,  0.0000,  0.0000],
        [-0.6018,  0.3077, -0.4208,  0.0000,  0.0000,  0.0000,  0.0000,  0.0000,
          0.0000,  0.0000,  0.0000,  0.0000,  0.0000,  0.0000,  0.0000,  0.0000,
          0.0000,  0.0000,  0.0000,  0.0000,  0.0000,  0.0000,  0.0000,  0.0000,
          0.0000,  0.0000,  0.0000,  0.0000,  0.0000,  0.0000,  0.0000,  0.0000,
          0.0000,  0.0000,  0.0000,  0.0000,  0.0000,  0.0000,  0.0000,  0.0000,
          0.0000,  0.0000,  0.0000,  0.0000,  0.0000],
        [ 0.7908, -0.1305, -0.0363,  0.0000,  0.0000,  0.0000,  0.0000,  0.0000,
          0.0000,  0.0000,  0.0000,  0.0000,  0.0000,  0.0000,  0.0000,  0.0000,
          0.0000,  0.0000,  0.0000,  0.0000,  0.0000,  0.0000,  0.0000,  0.0000,
          0.0000,  0.0000,  0.0000,  0.0000,  0.0000,  0.0000,  0.0000,  0.0000,
          0.0000,  0.0000,  0.0000,  0.0000,  0.0000,  0.0000,  0.0000,  0.0000,
          0.0000,  0.0000,  0.0000,  0.0000,  0.0000]], device='cuda:0')
action: tensor([[ 9.7732e-02, -1.0934e-01, -9.6703e-02, -2.4383e-01, -5.2891e-02,
         -3.9151e-01, -5.2566e-02, -2.8262e-01,  8.3602e-02, -6.8555e-01,
          7.0814e-01,  1.2046e-01],
        [ 2.1890e-01, -1.4093e-01,  1.6019e-01, -4.3194e-01, -4.3588e-02,
         -1.8774e-01, -3.1365e-01, -4.5247e-01, -1.7600e-01, -8.6772e-01,
          5.9870e-01,  4.4978e-01],
        [-1.0717e-01, -2.0095e-02,  3.1835e-02,  9.7338e-02,  7.7249e-02,
         -5.3267e-01, -1.0665e-01, -3.7642e-01,  2.8243e-02, -8.9605e-01,
          5.8133e-01, -2.3973e-01],
        [-2.7530e-01, -5.4796e-01, -6.5678e-01,  8.6337e-02, -3.2409e-01,
          9.5118e-02,  6.2487e-01, -7.4056e-01,  6.6024e-01, -4.6476e-01,
          8.1111e-01,  4.3221e-01],
        [-1.7033e-01, -1.3950e-01,  2.4721e-01, -1.4686e-01, -1.6655e-01,
         -2.4086e-01, -1.1302e-01, -3.1263e-02,  1.8449e-01, -2.2807e-01,
          9.8711e-01,  4.7113e-01],
        [ 4.5646e-01, -1.3562e-01,  2.0049e-01, -4.5654e-01, -2.2600e-01,
          2.0227e-01, -4.7914e-01, -4.6005e-01, -1.1600e-01, -6.9837e-01,
          9.5340e-01,  1.1776e-01],
        [-1.3144e-01, -4.6703e-01, -4.4149e-01, -1.5737e-02,  5.2312e-02,
         -3.2090e-01,  3.3641e-01, -5.2006e-01,  5.7111e-01, -8.1889e-01,
          9.2835e-01,  6.5496e-01],
        [-1.7801e-01, -1.9039e-02, -1.3734e-01, -7.6476e-02, -2.3938e-01,
         -8.2277e-01,  1.0844e-01, -3.5876e-01,  8.5192e-01, -1.9822e-01,
          2.8539e-02,  1.0809e-01],
        [-2.6995e-01, -8.9377e-02, -4.6967e-01,  5.6993e-02, -3.6048e-01,
         -1.4354e-01, -2.7824e-01, -3.0231e-01,  5.5888e-01, -6.3875e-01,
          9.2695e-01,  3.6834e-01],
        [-2.0784e-01, -7.1341e-01, -4.4114e-01,  2.1925e-02, -1.2481e-02,
         -1.4175e-01,  2.8974e-01, -5.1319e-01,  8.9816e-01, -5.2206e-01,
          1.1061e+00,  1.3908e-01],
        [-1.3156e-01, -3.4509e-01, -3.9870e-01, -6.6558e-02, -4.7356e-05,
         -3.0353e-01,  1.6700e-01, -3.6419e-01,  1.1031e-01, -3.8170e-01,
          2.9414e-01,  2.1921e-01],
        [-1.3066e-01, -7.8682e-01,  3.4949e-01, -5.0584e-02, -1.5574e-01,
          1.4017e-01, -5.4176e-01, -4.2145e-01, -6.3391e-02, -6.8224e-01,
          1.0169e+00,  2.6857e-01]], device='cuda:0')
processed action: tensor([[ 1.2443e-01, -1.2734e-01,  7.5824e-02, -1.6096e-01,  7.8678e-01,
          7.0212e-01,  9.8686e-01,  9.2935e-01, -1.4791e+00, -1.6714e+00,
         -1.3230e+00, -1.4699e+00],
        [ 1.5472e-01, -1.3523e-01,  1.4005e-01, -2.0799e-01,  7.8910e-01,
          7.5307e-01,  9.2159e-01,  8.8688e-01, -1.5440e+00, -1.7169e+00,
         -1.3503e+00, -1.3876e+00],
        [ 7.3207e-02, -1.0502e-01,  1.0796e-01, -7.5666e-02,  8.1931e-01,
          6.6683e-01,  9.7334e-01,  9.0589e-01, -1.4929e+00, -1.7240e+00,
         -1.3547e+00, -1.5599e+00],
        [ 3.1176e-02, -2.3699e-01, -6.4194e-02, -7.8416e-02,  7.1898e-01,
          8.2378e-01,  1.1562e+00,  8.1486e-01, -1.3349e+00, -1.6162e+00,
         -1.2972e+00, -1.3919e+00],
        [ 5.7416e-02, -1.3487e-01,  1.6180e-01, -1.3672e-01,  7.5836e-01,
          7.3978e-01,  9.7175e-01,  9.9218e-01, -1.4539e+00, -1.5570e+00,
         -1.2532e+00, -1.3822e+00],
        [ 2.1411e-01, -1.3391e-01,  1.5012e-01, -2.1414e-01,  7.4350e-01,
          8.5057e-01,  8.8021e-01,  8.8499e-01, -1.5290e+00, -1.6746e+00,
         -1.2617e+00, -1.4706e+00],
        [ 6.7140e-02, -2.1676e-01, -1.0373e-02, -1.0393e-01,  8.1308e-01,
          7.1977e-01,  1.0841e+00,  8.6999e-01, -1.3572e+00, -1.7047e+00,
         -1.2679e+00, -1.3363e+00],
        [ 5.5498e-02, -1.0476e-01,  6.5665e-02, -1.1912e-01,  7.4016e-01,
          5.9431e-01,  1.0271e+00,  9.1031e-01, -1.2870e+00, -1.5496e+00,
         -1.4929e+00, -1.4730e+00],
        [ 3.2514e-02, -1.2234e-01, -1.7418e-02, -8.5752e-02,  7.0988e-01,
          7.6412e-01,  9.3044e-01,  9.2442e-01, -1.3603e+00, -1.6597e+00,
         -1.2683e+00, -1.4079e+00],
        [ 4.8039e-02, -2.7835e-01, -1.0285e-02, -9.4519e-02,  7.9688e-01,
          7.6456e-01,  1.0724e+00,  8.7170e-01, -1.2755e+00, -1.6305e+00,
         -1.2235e+00, -1.4652e+00],
        [ 6.7111e-02, -1.8627e-01,  3.2563e-04, -1.1664e-01,  7.9999e-01,
          7.2412e-01,  1.0417e+00,  9.0895e-01, -1.4724e+00, -1.5954e+00,
         -1.4265e+00, -1.4452e+00],
        [ 6.7334e-02, -2.9671e-01,  1.8737e-01, -1.1265e-01,  7.6106e-01,
          8.3504e-01,  8.6456e-01,  8.9464e-01, -1.5158e+00, -1.6706e+00,
         -1.2458e+00, -1.4329e+00]], device='cuda:0')
/home/troja_robot_lab/miniconda3/envs/isaaclab/lib/python3.10/site-packages/gymnasium/utils/passive_env_checker.py:227: UserWarning: WARN: Expects `terminated` signal to be a boolean, actual type: <class 'torch.Tensor'>
  logger.warn(
/home/troja_robot_lab/miniconda3/envs/isaaclab/lib/python3.10/site-packages/gymnasium/utils/passive_env_checker.py:231: UserWarning: WARN: Expects `truncated` signal to be a boolean, actual type: <class 'torch.Tensor'>
  logger.warn(
/home/troja_robot_lab/miniconda3/envs/isaaclab/lib/python3.10/site-packages/gymnasium/utils/passive_env_checker.py:130: UserWarning: WARN: The obs returned by the `step()` method was expecting a numpy array, actual type: <class 'dict'>
  logger.warn(
/home/troja_robot_lab/miniconda3/envs/isaaclab/lib/python3.10/site-packages/gymnasium/utils/passive_env_checker.py:158: UserWarning: WARN: The obs returned by the `step()` method is not within the observation space.
  logger.warn(f"{pre} is not within the observation space.")
/home/troja_robot_lab/miniconda3/envs/isaaclab/lib/python3.10/site-packages/gymnasium/utils/passive_env_checker.py:245: UserWarning: WARN: The reward returned by `step()` must be a float, int, np.integer or np.floating, actual type: <class 'torch.Tensor'>
  logger.warn(
obs: {'policy': tensor([[-3.0161e-01,  8.2615e-01,  1.2713e-01, -1.2909e-02, -9.7588e-04,
         -2.0186e-01,  4.5523e-01,  2.2516e-01, -1.5111e-01, -5.7250e-04,
         -1.5116e-02, -1.2718e-02, -2.8857e-02, -1.0276e-02, -1.1034e-02,
         -2.9759e-02, -3.1706e-02,  1.5861e-02, -9.8946e-02,  1.1342e-01,
          2.9207e-02,  3.0515e-01, -9.1819e-01, -8.6067e-01, -1.4356e+00,
         -4.1916e-01, -1.7710e+00, -6.2678e-01, -1.6372e+00,  4.9639e-01,
         -3.8909e+00,  3.9749e+00,  6.7018e-01,  9.7732e-02, -1.0934e-01,
         -9.6703e-02, -2.4383e-01, -5.2891e-02, -3.9151e-01, -5.2566e-02,
         -2.8262e-01,  8.3602e-02, -6.8555e-01,  7.0814e-01,  1.2046e-01],
        [ 3.5271e-01,  9.9928e-01, -3.8397e-01, -1.8508e-02, -1.7360e-03,
         -2.2130e-01,  2.6674e-01,  2.8160e-01, -1.0074e-01,  9.4174e-03,
         -1.0027e-02,  1.0096e-02, -4.1222e-02, -3.4606e-03,  7.1168e-03,
         -4.8704e-02, -5.7587e-02, -2.5542e-02, -1.3391e-01,  1.0615e-01,
          8.8765e-02,  9.6716e-01, -9.1920e-01,  5.7563e-01, -2.2047e+00,
         -3.5727e-01, -8.2840e-01, -1.8817e+00, -2.6212e+00, -1.0004e+00,
         -5.0592e+00,  3.3958e+00,  2.5856e+00,  2.1890e-01, -1.4093e-01,
          1.6019e-01, -4.3194e-01, -4.3588e-02, -1.8774e-01, -3.1365e-01,
         -4.5247e-01, -1.7600e-01, -8.6772e-01,  5.9870e-01,  4.4978e-01],
        [-4.9550e-01,  7.4172e-01,  5.9794e-02, -2.0022e-02, -2.7546e-03,
         -1.8954e-01,  4.0729e-02,  3.2010e-01, -1.1709e-01, -6.0032e-03,
         -1.1750e-03,  1.6441e-03,  4.9967e-03,  2.1722e-03, -1.5906e-02,
         -3.2144e-02, -2.4966e-02, -6.2132e-04, -1.2840e-01,  9.5923e-02,
         -2.7420e-02, -2.9156e-01, -2.9903e-01, -1.0069e-01,  4.2273e-01,
          2.3365e-01, -2.4779e+00, -9.6482e-01, -1.9177e+00,  6.4368e-02,
         -5.0878e+00,  3.2528e+00, -1.3322e+00, -1.0717e-01, -2.0095e-02,
          3.1835e-02,  9.7338e-02,  7.7249e-02, -5.3267e-01, -1.0665e-01,
         -3.7642e-01,  2.8243e-02, -8.9605e-01,  5.8133e-01, -2.3973e-01],
        [-7.5630e-01, -3.0744e-01, -5.4608e-01,  4.7849e-03,  1.0353e-02,
         -1.7384e-01,  1.6007e+00,  2.7386e-01, -2.1490e-01, -3.7079e-02,
         -6.0023e-02, -8.3213e-02, -4.0390e-02, -4.4978e-02,  1.3478e-02,
          1.7944e-02, -6.6965e-02,  1.1471e-01, -7.5486e-02,  1.0716e-01,
          8.7417e-02, -1.8725e+00, -3.2689e+00, -4.6918e+00, -9.2207e-01,
         -1.7906e+00,  2.7726e-01,  2.3829e+00, -3.4267e+00,  3.8922e+00,
         -2.7636e+00,  4.4981e+00,  2.6116e+00, -2.7530e-01, -5.4796e-01,
         -6.5678e-01,  8.6337e-02, -3.2409e-01,  9.5118e-02,  6.2487e-01,
         -7.4056e-01,  6.6024e-01, -4.6476e-01,  8.1111e-01,  4.3221e-01],
        [-4.4223e-01,  9.6635e-01, -6.8037e-02, -1.1476e-03,  4.7841e-04,
         -1.9372e-01,  3.6758e-01, -3.2887e-02,  1.1699e-02, -1.3607e-02,
         -1.5691e-02,  1.8601e-02, -2.1014e-02, -1.6959e-02, -1.1149e-02,
         -4.5003e-02, -1.8810e-02,  3.3232e-02, -2.8090e-02,  1.6254e-01,
          7.5753e-02, -8.6851e-01, -8.6662e-01,  9.1339e-01, -9.3405e-01,
         -7.2863e-01, -9.9222e-01, -1.0305e+00, -2.7233e-01,  1.1611e+00,
         -1.1819e+00,  5.5317e+00,  2.6235e+00, -1.7033e-01, -1.3950e-01,
          2.4721e-01, -1.4686e-01, -1.6655e-01, -2.4086e-01, -1.1302e-01,
         -3.1263e-02,  1.8449e-01, -2.2807e-01,  9.8711e-01,  4.7113e-01],
        [ 2.4426e-01,  4.2797e-01, -3.1397e-02, -1.6794e-02, -6.8865e-03,
         -2.2971e-01,  1.2450e-01,  3.0374e-01, -5.4542e-02,  2.8511e-02,
         -5.3300e-03,  2.1862e-02, -3.6139e-02, -2.0564e-02,  3.0226e-02,
         -7.2263e-02, -4.8291e-02, -8.1658e-03, -1.1857e-01,  1.6744e-01,
          3.7168e-02,  2.1589e+00, -6.5677e-01,  9.3139e-01, -2.2556e+00,
         -1.3115e+00,  9.6144e-01, -2.7525e+00, -2.5917e+00, -5.5224e-01,
         -4.2026e+00,  5.4123e+00,  7.2470e-01,  4.5646e-01, -1.3562e-01,
          2.0049e-01, -4.5654e-01, -2.2600e-01,  2.0227e-01, -4.7914e-01,
         -4.6005e-01, -1.1600e-01, -6.9837e-01,  9.5340e-01,  1.1776e-01],
        [-9.6348e-01, -2.8825e-01, -4.0628e-01,  2.8303e-03,  6.5621e-03,
         -1.8591e-01,  1.2031e+00,  2.6675e-01, -2.2889e-01, -2.5156e-02,
         -4.8563e-02, -5.5888e-02, -3.8444e-02, -1.7307e-02, -5.8162e-03,
         -7.9436e-03, -6.1355e-02,  8.9366e-02, -1.1957e-01,  1.3501e-01,
          1.1726e-01, -1.1734e+00, -2.8425e+00, -3.2041e+00, -1.0118e+00,
         -1.1700e-01, -1.5520e+00,  1.0460e+00, -2.6301e+00,  3.2489e+00,
         -4.6699e+00,  5.1384e+00,  3.7518e+00, -1.3144e-01, -4.6703e-01,
         -4.4149e-01, -1.5737e-02,  5.2312e-02, -3.2090e-01,  3.3641e-01,
         -5.2006e-01,  5.7111e-01, -8.1889e-01,  9.2835e-01,  6.5496e-01],
        [-8.0905e-01,  3.8971e-01,  4.2637e-01, -2.3221e-02,  2.3444e-03,
         -1.7203e-01,  3.9018e-01,  1.7839e-01, -1.6377e-01, -6.8584e-03,
         -1.6178e-02, -2.4742e-02, -1.8719e-02, -4.3857e-02, -5.3884e-02,
          4.8447e-03, -3.3811e-02,  1.4140e-01, -7.8902e-03,  1.3142e-03,
          2.8481e-02, -6.9546e-01, -6.4421e-01, -1.1807e+00, -6.2604e-01,
         -1.4986e+00, -3.8070e+00,  3.3440e-01, -1.9325e+00,  4.9020e+00,
         -8.3788e-01,  1.1657e-01,  6.8275e-01, -1.7801e-01, -1.9039e-02,
         -1.3734e-01, -7.6476e-02, -2.3938e-01, -8.2277e-01,  1.0844e-01,
         -3.5876e-01,  8.5192e-01, -1.9822e-01,  2.8539e-02,  1.0809e-01],
        [ 5.2173e-02, -5.5940e-02,  5.9770e-01, -9.9817e-03,  2.1235e-03,
         -1.5898e-01,  1.1488e+00,  3.6033e-01, -7.7614e-02, -2.7241e-02,
         -2.4065e-02, -4.6450e-02, -2.1390e-02, -4.5817e-02,  5.2354e-03,
         -5.3026e-02, -3.7239e-02,  9.8061e-02, -1.0066e-01,  1.5377e-01,
          6.5026e-02, -1.5684e+00, -1.1511e+00, -2.9418e+00, -3.1926e-01,
         -1.9877e+00, -6.0792e-01, -1.7730e+00, -1.6228e+00,  3.3186e+00,
         -3.7737e+00,  5.3010e+00,  2.0638e+00, -2.6995e-01, -8.9377e-02,
         -4.6967e-01,  5.6993e-02, -3.6048e-01, -1.4354e-01, -2.7824e-01,
         -3.0231e-01,  5.5888e-01, -6.3875e-01,  9.2695e-01,  3.6834e-01],
        [-6.9822e-01, -3.8767e-01, -1.1627e-01,  4.9789e-03,  7.3143e-03,
         -1.8816e-01,  1.6807e+00,  2.4610e-01, -1.9651e-01, -3.5417e-02,
         -7.3711e-02, -6.1371e-02, -4.0135e-02, -3.2276e-02, -2.4035e-03,
         -1.7993e-02, -4.1774e-02,  1.4352e-01, -7.5499e-02,  1.6565e-01,
          3.3911e-02, -1.7492e+00, -4.1469e+00, -3.4449e+00, -1.1611e+00,
         -5.8349e-01, -8.4939e-01,  6.6266e-01, -2.3303e+00,  5.0936e+00,
         -2.9628e+00,  6.1569e+00,  8.3002e-01, -2.0784e-01, -7.1341e-01,
         -4.4114e-01,  2.1925e-02, -1.2481e-02, -1.4175e-01,  2.8974e-01,
         -5.1319e-01,  8.9816e-01, -5.2206e-01,  1.1061e+00,  1.3908e-01],
        [-6.0178e-01,  3.0766e-01, -4.2076e-01, -6.8880e-03,  7.7280e-03,
         -1.8923e-01,  1.0308e+00,  2.6558e-01, -1.5286e-01, -2.5568e-02,
         -4.1894e-02, -5.1537e-02, -3.0689e-02, -6.0062e-03, -1.5067e-02,
          1.5010e-03, -3.6835e-02,  1.7221e-02, -5.1494e-02,  3.9953e-02,
          4.4528e-02, -1.0909e+00, -2.2986e+00, -2.8180e+00, -1.0171e+00,
         -1.7498e-01, -1.5118e+00,  5.5546e-01, -1.8809e+00,  6.0844e-01,
         -2.1369e+00,  1.6477e+00,  1.2610e+00, -1.3156e-01, -3.4509e-01,
         -3.9870e-01, -6.6558e-02, -4.7356e-05, -3.0353e-01,  1.6700e-01,
         -3.6419e-01,  1.1031e-01, -3.8170e-01,  2.9414e-01,  2.1921e-01],
        [ 7.9076e-01, -1.3052e-01, -3.6275e-02, -1.4460e-02,  2.0511e-03,
         -2.2284e-01,  1.0087e+00,  3.9305e-01,  9.8924e-02, -2.2046e-02,
         -6.2055e-02,  1.5206e-02, -2.5819e-02, -1.4210e-02,  1.9710e-02,
         -8.5524e-02, -4.2390e-02, -8.0204e-03, -1.0740e-01,  1.8319e-01,
          5.3298e-02, -9.2891e-01, -4.1683e+00,  9.2575e-01, -9.2324e-01,
         -9.0543e-01,  4.1080e-01, -3.3912e+00, -2.0679e+00, -3.6739e-01,
         -3.9596e+00,  5.7560e+00,  1.5268e+00, -1.3066e-01, -7.8682e-01,
          3.4949e-01, -5.0584e-02, -1.5574e-01,  1.4017e-01, -5.4176e-01,
         -4.2145e-01, -6.3391e-02, -6.8224e-01,  1.0169e+00,  2.6857e-01]],
       device='cuda:0')}
tensor([ 8.5095,  4.4322,  7.5412,  0.5016,  7.0083,  7.8485,  0.3597,  4.8036,
         6.8028,  1.2996, 12.2668,  3.4072], device='cuda:0')
action: tensor([[ 0.0344, -0.2330, -0.1953, -0.3438, -0.6882, -0.5618,  0.1313, -0.7608,
          0.2290, -1.0602,  1.0145,  0.4124],
        [ 0.0833,  0.0761, -0.4076, -0.3718, -0.7028, -0.0646, -0.4103, -0.7333,
          0.0487, -1.2001,  1.5865,  1.0405],
        [-0.2148, -0.0119,  0.0210, -0.0323, -0.3204, -0.4808, -0.0402, -0.8375,
          0.4028, -1.1924,  1.4044,  0.3013],
        [-0.6521, -0.4072, -0.6893,  0.0946, -0.8583, -0.3161,  0.4297, -0.8045,
          0.8376, -0.7390,  1.1739,  0.7470],
        [-0.3488, -0.3862,  0.1304,  0.0544, -0.9103, -0.4530,  0.0172, -0.4714,
          0.5551, -0.2517,  1.4207,  1.1844],
        [ 0.3750, -0.2076, -0.2754, -0.2022, -1.2133, -0.0792, -0.4109, -1.0024,
          0.3051, -1.0624,  3.2906,  0.9811],
        [-0.5583, -0.5191, -0.6707,  0.0733, -0.5790, -0.5556,  0.3958, -0.8054,
          0.7526, -0.5703,  1.1535,  0.8732],
        [-0.6249, -0.1837, -0.2836,  0.1800, -0.5652, -0.8683,  0.3813, -0.8744,
          1.2121, -0.1715,  0.9844,  0.4636],
        [-0.7007, -0.2084, -0.8277, -0.0941, -0.9391, -0.5828, -0.5588, -0.8186,
          1.2721, -0.9869,  2.0574,  1.0765],
        [-0.8432, -0.4050, -0.8199,  0.0876, -0.5593, -0.4022,  0.1088, -0.9086,
          1.0173, -0.5809,  1.8725,  0.8174],
        [-0.5921, -0.2447, -0.7263, -0.0754, -0.2187, -0.3897,  0.4339, -0.7202,
          0.2731, -0.5730,  0.9354,  0.5714],
        [-0.4628, -0.5845, -0.3518,  0.1842, -1.3160, -0.1002, -0.6711, -1.0395,
          0.8279, -0.8947,  1.9957,  0.9041]], device='cuda:0')
processed action: tensor([[ 0.1086, -0.1583,  0.0512, -0.1859,  0.6279,  0.6595,  1.0328,  0.8098,
         -1.4428, -1.7651, -1.2464, -1.3969],
        [ 0.1208, -0.0810, -0.0019, -0.1929,  0.6243,  0.7839,  0.8974,  0.8167,
         -1.4878, -1.8000, -1.1034, -1.2399],
        [ 0.0463, -0.1030,  0.1053, -0.1081,  0.7199,  0.6798,  0.9899,  0.7906,
         -1.3993, -1.7981, -1.1489, -1.4247],
        [-0.0630, -0.2018, -0.0723, -0.0763,  0.5854,  0.7210,  1.1074,  0.7989,
         -1.2906, -1.6848, -1.2065, -1.3132],
        [ 0.0128, -0.1966,  0.1326, -0.0864,  0.5724,  0.6868,  1.0043,  0.8822,
         -1.3612, -1.5629, -1.1448, -1.2039],
        [ 0.1937, -0.1519,  0.0312, -0.1506,  0.4967,  0.7802,  0.8973,  0.7494,
         -1.4237, -1.7656, -0.6774, -1.2547],
        [-0.0396, -0.2298, -0.0677, -0.0817,  0.6552,  0.6611,  1.0990,  0.7987,
         -1.3119, -1.6426, -1.2116, -1.2817],
        [-0.0562, -0.1459,  0.0291, -0.0550,  0.6587,  0.5829,  1.0953,  0.7814,
         -1.1970, -1.5429, -1.2539, -1.3841],
        [-0.0752, -0.1521, -0.1069, -0.1235,  0.5652,  0.6543,  0.8603,  0.7953,
         -1.1820, -1.7467, -0.9856, -1.2309],
        [-0.1108, -0.2013, -0.1050, -0.0781,  0.6602,  0.6995,  1.0272,  0.7729,
         -1.2457, -1.6452, -1.0319, -1.2957],
        [-0.0480, -0.1612, -0.0816, -0.1188,  0.7453,  0.7026,  1.1085,  0.8199,
         -1.4317, -1.6432, -1.2662, -1.3571],
        [-0.0157, -0.2461,  0.0121, -0.0540,  0.4710,  0.7750,  0.8322,  0.7401,
         -1.2930, -1.7237, -1.0011, -1.2740]], device='cuda:0')
obs: {'policy': tensor([[-3.0161e-01,  8.2615e-01,  1.2713e-01, -3.1390e-02, -6.0667e-03,
         -3.9468e-01,  4.3422e-01,  3.8760e-01, -2.5234e-01,  1.1550e-02,
         -4.3159e-02, -4.4633e-02, -7.1117e-02, -6.5351e-02, -7.1595e-02,
         -2.7516e-02, -1.0852e-01,  6.1192e-02, -2.0337e-01,  1.9868e-01,
          9.1581e-02,  7.5231e-01, -1.3151e+00, -1.4760e+00, -1.5978e+00,
         -3.1008e+00, -3.8433e+00,  9.8750e-01, -3.6986e+00,  1.1410e+00,
         -4.0455e+00,  2.9512e+00,  1.5857e+00,  3.4420e-02, -2.3301e-01,
         -1.9525e-01, -3.4378e-01, -6.8824e-01, -5.6185e-01,  1.3134e-01,
         -7.6079e-01,  2.2898e-01, -1.0602e+00,  1.0145e+00,  4.1242e-01],
        [ 3.5271e-01,  9.9928e-01, -3.8397e-01, -2.1639e-02, -8.1610e-03,
         -3.7775e-01,  6.9506e-01,  4.3162e-01, -1.7362e-01,  2.4994e-02,
         -2.4868e-02, -1.7387e-02, -9.4182e-02, -6.7074e-02, -1.0740e-02,
         -1.1219e-01, -1.4086e-01,  1.6670e-02, -2.5478e-01,  2.9191e-01,
          2.0714e-01,  7.2411e-01, -2.3692e-01, -2.1996e+00, -1.8708e+00,
         -3.4958e+00, -1.2750e+00, -1.6171e+00, -3.2137e+00,  1.1279e+00,
         -4.2451e+00,  6.1099e+00,  3.4754e+00,  8.3282e-02,  7.6065e-02,
         -4.0756e-01, -3.7178e-01, -7.0283e-01, -6.4563e-02, -4.1027e-01,
         -7.3326e-01,  4.8664e-02, -1.2001e+00,  1.5865e+00,  1.0405e+00],
        [-4.9550e-01,  7.4172e-01,  5.9794e-02, -2.2989e-02, -2.3923e-03,
         -3.6777e-01,  1.6663e-01,  3.3239e-01, -2.2151e-01, -1.7083e-02,
         -9.7585e-03, -4.2927e-03, -8.6755e-03, -2.9761e-02, -8.0629e-02,
         -6.2762e-02, -1.2220e-01,  7.3683e-02, -2.4299e-01,  2.5692e-01,
          5.1849e-02, -7.7650e-01, -2.5912e-01, -4.1114e-01, -3.5901e-01,
         -1.4273e+00, -3.6995e+00, -2.2012e-02, -4.4923e+00,  2.5376e+00,
         -4.2550e+00,  5.3850e+00,  2.3230e+00, -2.1484e-01, -1.1944e-02,
          2.1038e-02, -3.2254e-02, -3.2043e-01, -4.8077e-01, -4.0248e-02,
         -8.3751e-01,  4.0278e-01, -1.1924e+00,  1.4044e+00,  3.0125e-01],
        [-7.5630e-01, -3.0744e-01, -5.4608e-01, -1.0950e-02, -1.0486e-02,
         -3.4731e-01,  5.9317e-01,  3.4823e-01, -1.3762e-01, -7.6631e-02,
         -1.0785e-01, -1.6132e-01, -2.6839e-02, -1.0907e-01, -8.0822e-03,
          5.7450e-02, -1.4918e-01,  1.9262e-01, -1.3986e-01,  2.3451e-01,
          1.5802e-01, -1.9490e+00, -1.6306e+00, -3.2051e+00,  1.8138e+00,
         -3.2081e+00, -1.8552e+00,  2.6014e+00, -3.5676e+00,  2.1860e+00,
         -2.4814e+00,  4.4686e+00,  2.0525e+00, -6.5206e-01, -4.0716e-01,
         -6.8932e-01,  9.4616e-02, -8.5833e-01, -3.1609e-01,  4.2968e-01,
         -8.0450e-01,  8.3765e-01, -7.3902e-01,  1.1739e+00,  7.4705e-01],
        [-4.4223e-01,  9.6635e-01, -6.8037e-02, -1.7695e-02,  5.4696e-04,
         -3.7245e-01,  4.6632e-01,  1.6580e-01,  2.1354e-02, -3.4788e-02,
         -5.4048e-02,  2.1817e-02, -3.5864e-02, -9.3314e-02, -5.7784e-02,
         -5.4309e-02, -6.9112e-02,  1.2401e-01, -4.2010e-02,  2.8335e-01,
          2.2888e-01, -1.2909e+00, -1.9725e+00,  3.8018e-02,  2.3599e-01,
         -4.0459e+00, -2.6304e+00,  6.4556e-01, -1.7701e+00,  2.6881e+00,
         -8.0184e-01,  3.9576e+00,  4.9461e+00, -3.4883e-01, -3.8621e-01,
          1.3040e-01,  5.4433e-02, -9.1029e-01, -4.5298e-01,  1.7178e-02,
         -4.7138e-01,  5.5507e-01, -2.5170e-01,  1.4207e+00,  1.1844e+00],
        [ 2.4426e-01,  4.2797e-01, -3.1397e-02, -3.1217e-02, -9.8964e-03,
         -3.8420e-01,  6.1856e-01,  7.2421e-01, -1.4092e-01,  7.7844e-02,
         -4.1134e-02,  4.3593e-03, -8.5484e-02, -1.3364e-01,  2.2363e-02,
         -1.7282e-01, -1.6656e-01,  7.6000e-02, -2.1372e-01,  4.8145e-01,
          1.8437e-01,  2.2200e+00, -1.8643e+00, -1.6124e+00, -1.3792e+00,
         -5.9938e+00, -1.1990e+00, -4.0155e+00, -4.9750e+00,  2.3032e+00,
         -3.4747e+00,  1.5700e+01,  4.3807e+00,  3.7496e-01, -2.0762e-01,
         -2.7539e-01, -2.0224e-01, -1.2133e+00, -7.9247e-02, -4.1088e-01,
         -1.0024e+00,  3.0506e-01, -1.0624e+00,  3.2906e+00,  9.8113e-01],
        [-9.6348e-01, -2.8825e-01, -4.0628e-01, -9.7909e-03, -4.3016e-03,
         -3.5455e-01,  7.9800e-01,  3.2743e-01, -2.1249e-01, -6.1868e-02,
         -1.1502e-01, -1.3447e-01, -3.8611e-02, -5.1860e-02, -8.0292e-02,
          3.0474e-02, -1.2947e-01,  1.7032e-01, -1.3222e-01,  2.3284e-01,
          1.9357e-01, -1.8549e+00, -2.5734e+00, -3.5769e+00,  1.1132e+00,
         -1.8407e+00, -3.8793e+00,  2.6027e+00, -3.0767e+00,  2.4113e+00,
         -5.2944e-01,  3.5864e+00,  2.1839e+00, -5.5825e-01, -5.1908e-01,
         -6.7068e-01,  7.3303e-02, -5.7901e-01, -5.5560e-01,  3.9582e-01,
         -8.0535e-01,  7.5257e-01, -5.7026e-01,  1.1535e+00,  8.7320e-01],
        [-8.0905e-01,  3.8971e-01,  4.2637e-01, -2.3474e-02,  1.1404e-03,
         -3.3617e-01,  5.5773e-01,  2.9716e-01, -2.2101e-01, -5.2674e-02,
         -3.8902e-02, -5.8202e-02, -2.4350e-02, -8.9450e-02, -1.4993e-01,
         -1.2213e-03, -1.1686e-01,  2.5519e-01, -2.4093e-02,  1.4723e-01,
          9.7860e-02, -2.7689e+00, -7.2404e-01, -1.7970e+00,  6.7532e-01,
         -1.7571e+00, -4.8383e+00,  1.1763e+00, -3.9849e+00,  3.6033e+00,
         -9.7945e-01,  5.4263e+00,  1.9507e+00, -6.2489e-01, -1.8371e-01,
         -2.8358e-01,  1.8004e-01, -5.6520e-01, -8.6834e-01,  3.8134e-01,
         -8.7441e-01,  1.2121e+00, -1.7146e-01,  9.8439e-01,  4.6361e-01],
        [ 5.2173e-02, -5.5940e-02,  5.9770e-01, -2.7272e-02, -4.9512e-03,
         -3.1692e-01,  1.6890e+00,  5.9217e-01, -1.9381e-01, -8.7742e-02,
         -6.8142e-02, -1.3874e-01, -5.0202e-02, -1.3922e-01, -4.7266e-02,
         -1.3312e-01, -1.2758e-01,  2.5765e-01, -1.8922e-01,  3.9313e-01,
          2.1187e-01, -3.1716e+00, -1.5280e+00, -4.6313e+00, -3.4474e-01,
         -4.0065e+00, -3.6241e+00, -2.3400e+00, -3.7396e+00,  4.9381e+00,
         -3.4313e+00,  7.6862e+00,  4.4618e+00, -7.0071e-01, -2.0842e-01,
         -8.2769e-01, -9.4086e-02, -9.3914e-01, -5.8280e-01, -5.5878e-01,
         -8.1863e-01,  1.2721e+00, -9.8685e-01,  2.0574e+00,  1.0765e+00],
        [-6.9822e-01, -3.8767e-01, -1.1627e-01, -3.6723e-03, -7.4331e-03,
         -3.3270e-01,  1.0045e+00,  3.6482e-01, -2.3416e-01, -9.3052e-02,
         -1.3731e-01, -1.4310e-01, -4.5075e-02, -6.1169e-02, -4.4712e-02,
         -1.9345e-02, -1.4156e-01,  2.2929e-01, -1.2075e-01,  3.6402e-01,
          1.5614e-01, -3.0051e+00, -1.9077e+00, -3.9790e+00,  1.2010e+00,
         -1.3611e+00, -2.4717e+00,  1.2893e+00, -4.3327e+00,  2.6374e+00,
         -1.7331e+00,  6.6478e+00,  3.8252e+00, -8.4324e-01, -4.0504e-01,
         -8.1993e-01,  8.7563e-02, -5.5925e-01, -4.0216e-01,  1.0880e-01,
         -9.0856e-01,  1.0173e+00, -5.8088e-01,  1.8725e+00,  8.1739e-01],
        [-6.0178e-01,  3.0766e-01, -4.2076e-01, -3.3124e-03, -3.6488e-03,
         -3.5108e-01,  9.3032e-01,  2.3848e-01, -2.5329e-01, -7.0868e-02,
         -8.1884e-02, -1.2969e-01, -5.2124e-02, -2.3008e-02, -5.4836e-02,
          1.9081e-02, -1.0737e-01,  5.3323e-02, -1.1167e-01,  1.5444e-01,
          1.1850e-01, -2.2934e+00, -1.1568e+00, -3.7953e+00, -1.0111e-01,
         -7.5052e-01, -2.3201e+00,  2.0520e+00, -3.1739e+00,  1.2421e+00,
         -2.2831e+00,  4.4129e+00,  2.1582e+00, -5.9205e-01, -2.4475e-01,
         -7.2633e-01, -7.5380e-02, -2.1870e-01, -3.8970e-01,  4.3389e-01,
         -7.2021e-01,  2.7311e-01, -5.7300e-01,  9.3539e-01,  5.7143e-01],
        [ 7.9076e-01, -1.3052e-01, -3.6275e-02, -3.6845e-02, -1.2927e-02,
         -3.5555e-01,  1.1407e+00,  7.9593e-01,  3.3617e-02, -4.2888e-02,
         -1.5278e-01, -1.0698e-02, -3.5186e-02, -1.4307e-01,  6.1526e-03,
         -1.7506e-01, -1.4834e-01,  1.6118e-01, -1.8577e-01,  3.8655e-01,
          1.8234e-01, -1.3331e+00, -3.7297e+00, -1.9088e+00,  9.7730e-01,
         -6.4296e+00, -1.1946e+00, -2.6957e+00, -4.8542e+00,  5.3487e+00,
         -2.9047e+00,  6.2222e+00,  3.8808e+00, -4.6278e-01, -5.8451e-01,
         -3.5178e-01,  1.8418e-01, -1.3160e+00, -1.0015e-01, -6.7108e-01,
         -1.0395e+00,  8.2789e-01, -8.9472e-01,  1.9957e+00,  9.0412e-01]],
       device='cuda:0')}
tensor([  8.3929,   2.1997,   6.7663,   8.9062,   5.3507, -16.2171,   8.6536,
          2.9213,  -0.4203,   5.1611,  10.8631,  -4.8884], device='cuda:0')
action: tensor([[-0.3011,  0.0113, -0.5375, -0.0419, -0.8731, -0.7488,  0.0874, -0.6119,
          0.5316, -0.9691,  1.2523,  0.8176],
        [-0.0074, -0.0899, -0.5766,  0.3093, -1.0418, -0.0931, -0.2960, -0.7352,
          0.3258, -1.0062,  2.5058,  1.4354],
        [-0.4189,  0.1848, -0.2677,  0.2448, -0.9559, -0.4922,  0.0876, -1.0748,
          0.6402, -1.0200,  1.8607,  0.9765],
        [-0.9105, -0.3123, -1.0082,  0.5308, -1.0800, -0.6268,  0.3353, -1.2448,
          1.2606, -0.6810,  1.9771,  1.4816],
        [-0.9843, -0.2096, -0.3328,  0.2713, -0.9748, -0.7378,  0.0280, -1.2850,
          1.0101, -0.4550,  2.4308,  1.7017],
        [-0.2456, -0.1572, -0.7794,  0.7476, -1.3975, -0.3391, -0.0767, -0.8523,
          0.9369, -0.8262,  3.2132,  1.3492],
        [-0.7885, -0.3057, -1.0932,  0.4755, -0.7857, -0.6787,  0.5412, -1.0012,
          1.1638, -0.6109,  1.9604,  1.3278],
        [-0.7059, -0.1387, -0.7532,  0.3040, -0.8953, -0.5542,  0.2222, -0.8568,
          1.4109, -0.0998,  1.6376,  0.8589],
        [-0.7447, -0.1789, -0.8057,  0.2877, -0.9703, -0.6535, -0.0595, -0.8975,
          1.2857, -0.8564,  2.8894,  1.4105],
        [-0.8633, -0.4930, -0.8968,  0.0280, -0.9333, -0.5811,  0.1435, -1.0274,
          1.0569, -0.6509,  2.1556,  1.2252],
        [-0.5672,  0.2116, -0.8078,  0.2747, -0.6317, -0.5861,  0.4609, -0.6719,
          0.7703, -0.4713,  1.4879,  1.1157],
        [-0.6397, -0.4902, -0.8612,  0.3723, -1.1313, -0.2634, -0.6613, -1.2107,
          0.9586, -1.1026,  2.8932,  1.4475]], device='cuda:0')
processed action: tensor([[ 0.0247, -0.0972, -0.0344, -0.1105,  0.5817,  0.6128,  1.0219,  0.8470,
         -1.3671, -1.7423, -1.1869, -1.2956],
        [ 0.0982, -0.1225, -0.0441, -0.0227,  0.5395,  0.7767,  0.9260,  0.8162,
         -1.4186, -1.7516, -0.8736, -1.1412],
        [-0.0047, -0.0538,  0.0331, -0.0388,  0.5610,  0.6770,  1.0219,  0.7313,
         -1.3400, -1.7550, -1.0348, -1.2559],
        [-0.1276, -0.1781, -0.1521,  0.0327,  0.5300,  0.6433,  1.0838,  0.6888,
         -1.1849, -1.6703, -1.0057, -1.1296],
        [-0.1461, -0.1524,  0.0168, -0.0322,  0.5563,  0.6156,  1.0070,  0.6787,
         -1.2475, -1.6137, -0.8923, -1.0746],
        [ 0.0386, -0.1393, -0.0948,  0.0869,  0.4506,  0.7152,  0.9808,  0.7869,
         -1.2658, -1.7065, -0.6967, -1.1627],
        [-0.0971, -0.1764, -0.1733,  0.0189,  0.6036,  0.6303,  1.1353,  0.7497,
         -1.2091, -1.6527, -1.0099, -1.1680],
        [-0.0765, -0.1347, -0.0883, -0.0240,  0.5762,  0.6615,  1.0556,  0.7858,
         -1.1473, -1.5249, -1.0906, -1.2853],
        [-0.0862, -0.1447, -0.1014, -0.0281,  0.5574,  0.6366,  0.9851,  0.7756,
         -1.1786, -1.7141, -0.7777, -1.1474],
        [-0.1158, -0.2232, -0.1242, -0.0930,  0.5667,  0.6547,  1.0359,  0.7432,
         -1.2358, -1.6627, -0.9611, -1.1937],
        [-0.0418, -0.0471, -0.1020, -0.0313,  0.6421,  0.6535,  1.1152,  0.8320,
         -1.3074, -1.6178, -1.1280, -1.2211],
        [-0.0599, -0.2226, -0.1153, -0.0069,  0.5172,  0.7341,  0.8347,  0.6973,
         -1.2604, -1.7756, -0.7767, -1.1381]], device='cuda:0')
obs: {'policy': tensor([[-3.0161e-01,  8.2615e-01,  1.2713e-01, -1.8737e-02, -1.3687e-02,
         -5.4419e-01,  1.3781e-01,  2.5000e-01, -1.5836e-01,  7.4317e-03,
         -4.7596e-02, -8.4789e-02, -7.3612e-02, -1.4712e-01, -1.6030e-01,
         -3.1996e-03, -1.7028e-01,  1.1383e-01, -2.3675e-01,  2.7285e-01,
          1.5398e-01, -8.6514e-01,  5.4827e-01, -2.1355e+00,  8.1780e-01,
         -3.7838e+00, -4.1331e+00,  1.7115e+00, -1.9948e+00,  1.4687e+00,
         -1.1563e+00,  2.7083e+00,  2.0283e+00, -3.0107e-01,  1.1297e-02,
         -5.3747e-01, -4.1892e-02, -8.7313e-01, -7.4881e-01,  8.7423e-02,
         -6.1188e-01,  5.3155e-01, -9.6911e-01,  1.2523e+00,  8.1760e-01],
        [ 3.5271e-01,  9.9928e-01, -3.8397e-01,  1.8242e-03, -1.5517e-02,
         -5.3279e-01, -1.2494e-01,  3.8744e-01, -4.9071e-02,  4.2871e-02,
         -1.9602e-02, -6.4452e-02, -6.7084e-02, -1.6659e-01, -4.4578e-02,
         -1.4524e-01, -1.9159e-01,  6.9609e-02, -2.6204e-01,  4.9854e-01,
          2.9521e-01,  4.9153e-01,  5.7631e-01, -2.8662e+00,  2.7591e+00,
         -4.7421e+00, -1.2540e+00,  2.6701e-01, -1.4330e+00,  1.3524e+00,
          1.5124e-01,  6.8155e+00,  2.9476e+00, -7.3987e-03, -8.9887e-02,
         -5.7657e-01,  3.0931e-01, -1.0418e+00, -9.3087e-02, -2.9595e-01,
         -7.3523e-01,  3.2577e-01, -1.0062e+00,  2.5058e+00,  1.4354e+00],
        [-4.9550e-01,  7.4172e-01,  5.9794e-02, -1.3587e-02, -2.8779e-03,
         -5.2798e-01, -1.0507e-01,  2.1838e-01, -1.5480e-01, -3.8611e-02,
          3.5204e-03, -2.5683e-02,  2.5208e-03, -1.0326e-01, -1.4993e-01,
         -4.6610e-02, -2.3062e-01,  1.5312e-01, -2.6684e-01,  3.8445e-01,
          1.7819e-01, -1.5314e+00,  1.1906e+00, -1.4366e+00,  1.3593e+00,
         -3.8508e+00, -2.6971e+00,  1.9891e+00, -4.1655e+00,  2.2493e+00,
         -5.6370e-01,  4.4722e+00,  3.9376e+00, -4.1887e-01,  1.8480e-01,
         -2.6773e-01,  2.4477e-01, -9.5589e-01, -4.9218e-01,  8.7574e-02,
         -1.0748e+00,  6.4020e-01, -1.0200e+00,  1.8607e+00,  9.7655e-01],
        [-7.5630e-01, -3.0744e-01, -5.4608e-01, -1.5990e-02, -2.4536e-02,
         -5.0239e-01, -1.1909e-01,  4.2233e-01, -5.8836e-02, -1.2224e-01,
         -1.1863e-01, -2.1667e-01,  3.7754e-02, -1.9983e-01, -7.9927e-02,
          7.3504e-02, -2.5887e-01,  2.7976e-01, -1.5562e-01,  4.1452e-01,
          3.0345e-01, -2.7058e+00,  1.9788e-01, -2.7478e+00,  4.1375e+00,
         -4.0097e+00, -3.8346e+00,  1.7184e+00, -4.3292e+00,  2.5752e+00,
         -7.0942e-01,  5.9454e+00,  4.4685e+00, -9.1045e-01, -3.1231e-01,
         -1.0082e+00,  5.3081e-01, -1.0800e+00, -6.2678e-01,  3.3535e-01,
         -1.2448e+00,  1.2606e+00, -6.8104e-01,  1.9771e+00,  1.4816e+00],
        [-4.4223e-01,  9.6635e-01, -6.8037e-02, -2.3186e-02, -4.8273e-03,
         -5.1516e-01,  8.4162e-01,  3.7450e-01, -1.0514e-01, -1.0534e-01,
         -9.1733e-02, -1.7406e-02, -2.7173e-02, -1.9029e-01, -1.2360e-01,
         -6.2840e-02, -1.6577e-01,  2.1036e-01, -8.7161e-02,  4.8674e-01,
          3.8570e-01, -4.1221e+00, -1.0639e+00, -2.5525e+00,  1.5501e+00,
         -4.1598e+00, -3.5706e+00,  1.2885e+00, -4.4365e+00,  2.6395e+00,
         -1.9286e+00,  6.7600e+00,  4.4506e+00, -9.8426e-01, -2.0962e-01,
         -3.3277e-01,  2.7132e-01, -9.7485e-01, -7.3777e-01,  2.7996e-02,
         -1.2850e+00,  1.0101e+00, -4.5499e-01,  2.4308e+00,  1.7017e+00],
        [ 2.4426e-01,  4.2797e-01, -3.1397e-02,  1.6552e-03, -7.8315e-03,
         -5.1145e-01,  8.7464e-02,  3.9444e-01, -1.0560e-01,  8.4650e-02,
         -6.3156e-02, -7.2329e-02, -3.7765e-02, -2.7026e-01, -3.3037e-02,
         -1.5931e-01, -2.3070e-01,  1.8265e-01, -2.0762e-01,  6.6224e-01,
          2.6596e-01, -9.0612e-01, -2.9842e-01, -4.6422e+00,  4.2785e+00,
         -5.8282e+00, -2.7804e+00,  3.2415e+00, -1.9141e+00,  3.1235e+00,
          3.3051e-01,  4.6106e+00,  2.8827e+00, -2.4557e-01, -1.5717e-01,
         -7.7938e-01,  7.4760e-01, -1.3975e+00, -3.3912e-01, -7.6720e-02,
         -8.5228e-01,  9.3693e-01, -8.2618e-01,  3.2132e+00,  1.3492e+00],
        [-9.6348e-01, -2.8825e-01, -4.0628e-01, -9.1024e-04, -2.4220e-02,
         -5.0753e-01, -3.2363e-02,  2.7016e-01, -1.4451e-01, -1.0296e-01,
         -1.2740e-01, -2.0829e-01,  1.9814e-02, -1.1765e-01, -1.5207e-01,
          6.8809e-02, -2.0802e-01,  2.6028e-01, -1.5124e-01,  3.9883e-01,
          2.8747e-01, -2.3357e+00,  4.2801e-01, -3.8273e+00,  3.9142e+00,
         -2.9455e+00, -3.2004e+00,  3.0489e+00, -3.1273e+00,  2.7227e+00,
         -8.5233e-01,  5.9117e+00,  2.9117e+00, -7.8850e-01, -3.0569e-01,
         -1.0932e+00,  4.7552e-01, -7.8568e-01, -6.7872e-01,  5.4124e-01,
         -1.0012e+00,  1.1638e+00, -6.1091e-01,  1.9604e+00,  1.3278e+00],
        [-8.0905e-01,  3.8971e-01,  4.2637e-01, -1.8713e-03, -1.0550e-02,
         -5.1368e-01,  5.4356e-01,  2.2750e-01, -1.1725e-01, -1.2000e-01,
         -4.6675e-02, -1.1684e-01,  4.4877e-03, -1.4531e-01, -2.1117e-01,
          1.5399e-02, -1.9700e-01,  3.3455e-01, -4.4132e-02,  3.1893e-01,
          1.7067e-01, -3.3433e+00,  1.4432e-01, -3.2542e+00,  2.2688e+00,
         -2.5724e+00, -1.9587e+00,  1.9547e+00, -3.0598e+00,  2.2803e+00,
         -6.7858e-01,  5.9728e+00,  2.2799e+00, -7.0590e-01, -1.3868e-01,
         -7.5317e-01,  3.0398e-01, -8.9526e-01, -5.5417e-01,  2.2221e-01,
         -8.5680e-01,  1.4109e+00, -9.9775e-02,  1.6376e+00,  8.5893e-01],
        [ 5.2173e-02, -5.5940e-02,  5.9770e-01, -4.0792e-04, -3.4657e-02,
         -5.1090e-01, -1.9545e-01,  2.3216e-01, -1.2712e-01, -1.3161e-01,
         -5.6515e-02, -1.9364e-01, -2.6975e-03, -2.0216e-01, -1.3291e-01,
         -1.4692e-01, -1.9497e-01,  3.0365e-01, -2.0749e-01,  5.8521e-01,
          3.0491e-01, -1.9941e+00,  1.3603e+00, -2.3239e+00,  3.2721e+00,
         -2.6317e+00, -3.9630e+00,  1.5352e+00, -2.4181e+00,  1.2566e+00,
         -5.9059e-01,  6.4979e+00,  2.8974e+00, -7.4468e-01, -1.7886e-01,
         -8.0569e-01,  2.8767e-01, -9.7027e-01, -6.5351e-01, -5.9547e-02,
         -8.9746e-01,  1.2857e+00, -8.5636e-01,  2.8894e+00,  1.4105e+00],
        [-6.9822e-01, -3.8767e-01, -1.1627e-01, -1.0735e-02, -3.1969e-02,
         -5.2113e-01,  3.1520e-01,  2.8689e-01, -1.3290e-01, -1.5137e-01,
         -1.5310e-01, -2.1320e-01, -9.3804e-03, -1.1674e-01, -1.0459e-01,
          1.1334e-02, -2.3261e-01,  2.7275e-01, -1.4916e-01,  4.8452e-01,
          2.5784e-01, -2.7837e+00, -5.2585e-02, -2.9784e+00,  2.3040e+00,
         -3.0766e+00, -3.0017e+00,  2.1380e+00, -3.5338e+00,  1.0336e+00,
         -1.1547e+00,  4.0787e+00,  3.0033e+00, -8.6333e-01, -4.9296e-01,
         -8.9679e-01,  2.7976e-02, -9.3334e-01, -5.8113e-01,  1.4348e-01,
         -1.0274e+00,  1.0569e+00, -6.5092e-01,  2.1556e+00,  1.2252e+00],
        [-6.0178e-01,  3.0766e-01, -4.2076e-01,  2.4191e-03, -2.5718e-02,
         -5.0690e-01, -9.1839e-01,  5.1970e-02, -1.5504e-01, -8.2842e-02,
         -3.6450e-02, -1.7020e-01,  2.8775e-03, -7.9236e-02, -1.1327e-01,
          5.9112e-02, -1.7276e-01,  1.5699e-01, -1.1940e-01,  2.9645e-01,
          2.1893e-01, -8.1659e-01,  3.2620e+00, -1.9512e+00,  3.5695e+00,
         -2.5365e+00, -2.7819e+00,  2.9351e+00, -2.1596e+00,  3.3521e+00,
         -1.6730e-01,  5.1095e+00,  3.3224e+00, -5.6724e-01,  2.1155e-01,
         -8.0782e-01,  2.7473e-01, -6.3173e-01, -5.8611e-01,  4.6085e-01,
         -6.7187e-01,  7.7030e-01, -4.7132e-01,  1.4879e+00,  1.1157e+00],
        [ 7.9076e-01, -1.3052e-01, -3.6275e-02, -8.2257e-03, -2.9509e-02,
         -5.0835e-01,  6.8838e-01,  6.6038e-01, -8.0309e-02, -9.0309e-02,
         -1.9259e-01, -7.9777e-02,  5.8918e-03, -2.4974e-01, -2.5913e-02,
         -2.2522e-01, -2.5851e-01,  2.1344e-01, -2.5093e-01,  5.9069e-01,
          3.0324e-01, -2.5432e+00, -6.8668e-01, -4.0468e+00,  2.9831e+00,
         -4.4373e+00, -1.8189e+00, -3.8585e-01, -4.3140e+00,  1.2875e+00,
         -2.3779e+00,  6.6308e+00,  3.5879e+00, -6.3967e-01, -4.9024e-01,
         -8.6117e-01,  3.7226e-01, -1.1313e+00, -2.6340e-01, -6.6130e-01,
         -1.2107e+00,  9.5858e-01, -1.1026e+00,  2.8932e+00,  1.4475e+00]],
       device='cuda:0')}
tensor([ 9.3051,  3.0754,  6.7048,  2.8789, -0.5978,  5.6726,  4.8573,  5.8996,
         8.3574, 11.5084,  8.6894,  6.1889], device='cuda:0')
action: tensor([[-0.3852,  0.0546, -0.6873,  0.4306, -1.0920, -0.4556,  0.4097, -0.7614,
          0.9450, -0.7106,  2.1652,  1.3890],
        [-0.2138,  0.0544, -0.8300,  0.5235, -0.9316, -0.3248, -0.3012, -1.0441,
          1.1694, -0.6024,  3.6719,  2.2353],
        [-1.1523,  0.3552, -0.7514,  0.7295, -1.1832, -0.1097, -0.0568, -1.0680,
          0.9967, -0.8252,  2.9457,  1.5053],
        [-1.0740, -0.4056, -1.2153,  0.2474, -0.8808, -0.6118,  0.3699, -1.1931,
          1.3936, -0.2737,  2.9585,  1.5514],
        [-1.2268, -0.2979, -0.4890,  0.6266, -0.8571, -0.7062, -0.0138, -1.2059,
          1.2897, -0.2699,  2.7537,  1.5963],
        [-0.7731,  0.0051, -1.1503,  0.9841, -1.4370, -0.8528, -0.4161, -0.8241,
          1.5435, -0.3303,  3.2781,  1.6324],
        [-1.2512, -0.0786, -1.1592,  0.3557, -1.1172, -0.7774,  0.2363, -1.1613,
          1.3283, -0.2141,  3.0040,  1.4992],
        [-1.4862, -0.2292, -0.9229,  0.6124, -1.2201, -0.7907,  0.2174, -1.0953,
          1.3725, -0.0954,  2.5542,  1.4584],
        [-1.1718, -0.1792, -0.8205,  0.7756, -1.2281, -0.7946, -0.5145, -1.0792,
          1.7031, -0.5934,  3.2513,  2.2669],
        [-0.9137, -0.2802, -1.0308,  0.2678, -1.3199, -0.7114,  0.3598, -1.0326,
          1.5592, -0.5886,  2.9841,  1.7342],
        [-1.2160,  0.3549, -1.1770,  0.4141, -1.0433, -0.7773,  0.6832, -0.8701,
          1.2490, -0.2547,  2.9937,  1.4531],
        [-0.7637, -0.4456, -0.9685,  0.8569, -1.1402, -0.4319, -0.5454, -1.1204,
          1.5921, -0.5154,  3.3874,  2.1462]], device='cuda:0')
processed action: tensor([[ 0.0037, -0.0864, -0.0718,  0.0076,  0.5270,  0.6861,  1.1024,  0.8096,
         -1.2637, -1.6777, -0.9587, -1.1528],
        [ 0.0465, -0.0864, -0.1075,  0.0309,  0.5671,  0.7188,  0.9247,  0.7390,
         -1.2077, -1.6506, -0.5820, -0.9412],
        [-0.1881, -0.0112, -0.0878,  0.0824,  0.5042,  0.7726,  0.9858,  0.7330,
         -1.2508, -1.7063, -0.7636, -1.1237],
        [-0.1685, -0.2014, -0.2038, -0.0381,  0.5798,  0.6470,  1.0925,  0.7017,
         -1.1516, -1.5684, -0.7604, -1.1122],
        [-0.2067, -0.1745, -0.0222,  0.0566,  0.5857,  0.6234,  0.9966,  0.6985,
         -1.1776, -1.5675, -0.8116, -1.1009],
        [-0.0933, -0.0987, -0.1876,  0.1460,  0.4407,  0.5868,  0.8960,  0.7940,
         -1.1141, -1.5826, -0.6805, -1.0919],
        [-0.2128, -0.1196, -0.1898, -0.0111,  0.5207,  0.6056,  1.0591,  0.7097,
         -1.1679, -1.5535, -0.7490, -1.1252],
        [-0.2716, -0.1573, -0.1307,  0.0531,  0.4950,  0.6023,  1.0543,  0.7262,
         -1.1569, -1.5239, -0.8615, -1.1354],
        [-0.1930, -0.1448, -0.1051,  0.0939,  0.4930,  0.6013,  0.8714,  0.7302,
         -1.0742, -1.6484, -0.6872, -0.9333],
        [-0.1284, -0.1700, -0.1577, -0.0330,  0.4700,  0.6221,  1.0900,  0.7418,
         -1.1102, -1.6472, -0.7540, -1.0665],
        [-0.2040, -0.0113, -0.1943,  0.0035,  0.5392,  0.6057,  1.1708,  0.7825,
         -1.1878, -1.5637, -0.7516, -1.1367],
        [-0.0909, -0.2114, -0.1421,  0.1142,  0.5149,  0.6920,  0.8637,  0.7199,
         -1.1020, -1.6288, -0.6531, -0.9634]], device='cuda:0')
obs: {'policy': tensor([[-3.0161e-01,  8.2615e-01,  1.2713e-01,  2.1950e-02, -1.7522e-02,
         -7.0402e-01, -4.1311e-01, -4.7801e-02,  7.6633e-03, -1.7899e-02,
         -1.1869e-02, -1.2256e-01, -1.6876e-02, -2.3499e-01, -2.0303e-01,
          2.2677e-02, -2.0912e-01,  1.9559e-01, -2.1633e-01,  4.3967e-01,
          2.7042e-01, -1.8877e+00,  2.1741e+00, -2.2640e+00,  3.7472e+00,
         -3.5802e+00, -6.6569e-01,  2.7520e+00, -6.7713e-01,  2.5463e+00,
          1.1100e+00,  5.9295e+00,  4.1086e+00, -3.8523e-01,  5.4581e-02,
         -6.8725e-01,  4.3057e-01, -1.0920e+00, -4.5557e-01,  4.0966e-01,
         -7.6144e-01,  9.4503e-01, -7.1063e-01,  2.1652e+00,  1.3890e+00],
        [ 3.5271e-01,  9.9928e-01, -3.8397e-01,  3.2274e-02, -1.2077e-02,
         -6.9679e-01, -2.0394e-01,  5.3929e-02, -7.0413e-02,  3.1087e-02,
         -5.1530e-03, -1.4093e-01,  4.0926e-03, -2.6279e-01, -7.9509e-02,
         -1.2544e-01, -2.4671e-01,  2.0347e-01, -1.8936e-01,  6.6224e-01,
          4.6800e-01, -1.4157e+00,  1.1849e+00, -4.4606e+00,  4.3093e+00,
         -3.1032e+00, -1.1345e+00,  4.1537e+00, -1.3859e+00,  4.4735e+00,
          2.8573e+00, -1.5333e-04,  5.6822e+00, -2.1381e-01,  5.4440e-02,
         -8.3001e-01,  5.2353e-01, -9.3163e-01, -3.2480e-01, -3.0124e-01,
         -1.0441e+00,  1.1694e+00, -6.0236e-01,  3.6719e+00,  2.2353e+00],
        [-4.9550e-01,  7.4172e-01,  5.9794e-02,  2.1814e-02, -2.6482e-03,
         -6.7096e-01,  7.1286e-01, -2.7690e-02,  6.8888e-02, -1.2822e-01,
          3.0847e-02, -9.1597e-02,  4.5853e-02, -2.0274e-01, -1.4825e-01,
         -4.2418e-02, -2.9469e-01,  2.2769e-01, -2.5105e-01,  6.1438e-01,
          2.9387e-01, -5.4170e+00,  1.9854e+00, -4.0069e+00,  3.1547e+00,
         -4.5817e+00,  1.5980e+00,  1.7292e+00, -1.6969e+00,  2.2372e+00,
          1.1680e+00,  7.7848e+00,  3.9425e+00, -1.1523e+00,  3.5515e-01,
         -7.5136e-01,  7.2946e-01, -1.1832e+00, -1.0968e-01, -5.6798e-02,
         -1.0680e+00,  9.9668e-01, -8.2522e-01,  2.9457e+00,  1.5053e+00],
        [-7.5630e-01, -3.0744e-01, -5.4608e-01,  1.3720e-02, -3.5968e-02,
         -7.1227e-01,  6.8314e-01,  4.0565e-02, -6.8377e-02, -1.7547e-01,
         -1.3006e-01, -2.8399e-01,  5.0033e-02, -2.1348e-01, -1.5540e-01,
          8.0506e-02, -2.7731e-01,  2.6092e-01, -1.0549e-01,  6.3625e-01,
          3.1091e-01, -8.9063e-01,  3.1176e-02, -3.4323e+00, -2.4926e+00,
          3.0090e+00, -2.9323e+00,  1.5194e+00,  3.1231e+00, -5.7425e+00,
          1.9859e+00,  7.8198e+00, -4.3195e+00, -1.0740e+00, -4.0562e-01,
         -1.2153e+00,  2.4741e-01, -8.8077e-01, -6.1181e-01,  3.6987e-01,
         -1.1931e+00,  1.3936e+00, -2.7370e-01,  2.9585e+00,  1.5514e+00],
        [-4.4223e-01,  9.6635e-01, -6.8037e-02,  9.3502e-03, -2.2051e-02,
         -7.6077e-01,  4.0371e-01,  9.2266e-02, -4.8723e-02, -1.8117e-01,
         -9.5769e-02, -7.1332e-02,  2.3194e-02, -2.3626e-01, -1.8995e-01,
         -2.8093e-02, -2.2080e-01,  2.4155e-01, -8.4256e-02,  6.2017e-01,
          4.0250e-01,  4.4131e-01,  9.4606e-02, -2.6538e+00, -5.2014e+00,
          3.2231e+00, -2.4317e+00,  2.9451e+00,  4.1613e+00, -6.3053e+00,
         -1.1745e-01,  4.1446e+00, -2.5497e+00, -1.2268e+00, -2.9789e-01,
         -4.8897e-01,  6.2658e-01, -8.5711e-01, -7.0621e-01, -1.3795e-02,
         -1.2059e+00,  1.2897e+00, -2.6991e-01,  2.7537e+00,  1.5963e+00],
        [ 2.4426e-01,  4.2797e-01, -3.1397e-02,  1.5426e-02, -8.5571e-03,
         -6.4588e-01,  4.4950e-01,  2.0720e-01,  5.3553e-02,  7.9573e-03,
         -6.4164e-02, -2.0033e-01,  7.6697e-02, -3.7907e-01, -1.2717e-01,
         -7.4795e-02, -2.5134e-01,  3.0283e-01, -1.1778e-01,  6.6224e-01,
          3.4908e-01, -5.1186e+00,  7.7814e-01, -6.4392e+00,  6.6382e+00,
         -3.9960e+00, -4.4284e+00,  3.5820e+00, -1.2868e-01,  3.8733e+00,
          3.1259e+00, -1.1020e-04,  3.1652e+00, -7.7311e-01,  5.1400e-03,
         -1.1503e+00,  9.8411e-01, -1.4370e+00, -8.5281e-01, -4.1608e-01,
         -8.2408e-01,  1.5435e+00, -3.3034e-01,  3.2781e+00,  1.6324e+00],
        [-9.6348e-01, -2.8825e-01, -4.0628e-01,  1.3320e-02, -3.2965e-02,
         -7.0442e-01,  7.7212e-01,  1.4900e-02, -4.2749e-02, -1.6017e-01,
         -1.0982e-01, -2.8122e-01,  6.4479e-02, -1.5144e-01, -2.1232e-01,
          7.6146e-02, -2.4536e-01,  2.7266e-01, -1.0004e-01,  6.4146e-01,
          3.1889e-01, -8.4476e-01,  1.2555e+00, -3.9634e+00, -1.0672e+00,
          3.6831e+00, -2.0155e+00,  1.5301e+00,  3.9709e+00, -6.6604e+00,
          2.0293e+00,  8.1110e+00, -6.8855e+00, -1.2512e+00, -7.8574e-02,
         -1.1592e+00,  3.5568e-01, -1.1172e+00, -7.7741e-01,  2.3635e-01,
         -1.1613e+00,  1.3283e+00, -2.1410e-01,  3.0040e+00,  1.4992e+00],
        [-8.0905e-01,  3.8971e-01,  4.2637e-01,  1.1709e-02, -2.8392e-02,
         -6.7547e-01,  2.1313e+00,  1.5709e-01,  7.6413e-02, -1.6692e-01,
         -6.7198e-02, -2.0544e-01,  4.6767e-02, -1.3158e-01, -2.3665e-01,
          2.2569e-02, -2.6972e-01,  2.8408e-01, -4.1114e-02,  5.3611e-01,
          2.9147e-01, -2.1579e+00, -1.4940e+00, -5.2984e+00,  2.0581e+00,
          2.7886e+00, -5.4327e-01,  1.6550e+00, -2.2489e+00, -5.2904e+00,
          2.7737e-01,  7.1939e+00,  3.8108e+00, -1.4862e+00, -2.2916e-01,
         -9.2290e-01,  6.1245e-01, -1.2201e+00, -7.9065e-01,  2.1739e-01,
         -1.0953e+00,  1.3725e+00, -9.5416e-02,  2.5542e+00,  1.4584e+00],
        [ 5.2173e-02, -5.5940e-02,  5.9770e-01,  1.7239e-02, -4.3601e-02,
         -6.6551e-01, -1.2413e-01,  9.8682e-02,  6.9618e-02, -1.4249e-01,
         -3.5525e-02, -2.3293e-01,  4.8012e-02, -2.0168e-01, -2.0878e-01,
         -1.0751e-01, -2.3574e-01,  2.8421e-01, -1.7126e-01,  6.6224e-01,
          4.0193e-01,  1.2214e-01,  1.0488e+00, -1.8529e+00,  3.0818e-01,
          3.1308e+00, -2.9740e+00,  2.7749e+00,  3.7429e+00, -6.0388e+00,
          1.4216e+00, -1.0308e-04, -6.0706e+00, -1.1718e+00, -1.7915e-01,
         -8.2052e-01,  7.7558e-01, -1.2281e+00, -7.9462e-01, -5.1452e-01,
         -1.0792e+00,  1.7031e+00, -5.9345e-01,  3.2513e+00,  2.2669e+00],
        [-6.9822e-01, -3.8767e-01, -1.1627e-01,  9.0986e-03, -5.7505e-02,
         -6.9074e-01,  3.2004e-01, -1.5376e-01, -6.8921e-02, -1.6954e-01,
         -1.2463e-01, -2.5546e-01,  3.1993e-02, -1.4299e-01, -1.6281e-01,
          3.9384e-02, -2.6752e-01,  2.8378e-01, -1.5203e-01,  6.5520e-01,
          3.1579e-01, -2.3323e-01,  1.4745e+00, -2.6614e+00, -4.2029e-01,
          3.1522e+00, -2.4346e+00,  2.7903e+00,  4.2972e+00, -5.3710e+00,
          3.7118e-03,  5.8133e+00, -6.8983e+00, -9.1367e-01, -2.8017e-01,
         -1.0308e+00,  2.6784e-01, -1.3199e+00, -7.1142e-01,  3.5985e-01,
         -1.0326e+00,  1.5592e+00, -5.8865e-01,  2.9841e+00,  1.7342e+00],
        [-6.0178e-01,  3.0766e-01, -4.2076e-01,  9.7363e-03, -2.5005e-02,
         -6.9177e-01,  6.9602e-02, -4.1172e-02, -1.0779e-01, -1.5384e-01,
          1.3940e-02, -2.4635e-01,  5.1036e-02, -1.5890e-01, -1.7459e-01,
          8.1150e-02, -2.1513e-01,  2.7101e-01, -8.4898e-02,  5.7533e-01,
          3.1234e-01, -3.9854e-01,  3.1205e+00, -4.1062e+00,  2.9398e+00,
         -7.0364e-01, -2.6375e+00,  2.5786e+00, -1.3702e+00, -5.3647e-01,
          1.1625e+00,  1.0615e+01,  3.1035e+00, -1.2160e+00,  3.5492e-01,
         -1.1770e+00,  4.1414e-01, -1.0433e+00, -7.7734e-01,  6.8316e-01,
         -8.7008e-01,  1.2490e+00, -2.5468e-01,  2.9937e+00,  1.4531e+00],
        [ 7.9076e-01, -1.3052e-01, -3.6275e-02,  4.1596e-02, -4.4246e-02,
         -6.8667e-01, -1.4037e+00,  2.1378e-01, -8.2647e-02, -1.1364e-01,
         -1.6530e-01, -1.5454e-01,  5.6549e-02, -3.0288e-01, -8.5858e-02,
         -1.8432e-01, -2.9201e-01,  2.7494e-01, -1.7481e-01,  6.6224e-01,
          3.6028e-01,  1.4897e+00,  3.2079e+00, -3.0772e+00,  1.7424e+00,
          3.9844e+00, -2.5418e+00,  3.5237e+00,  2.5857e+00, -7.8613e+00,
          3.2464e+00,  2.2368e-04, -4.9064e+00, -7.6368e-01, -4.4561e-01,
         -9.6851e-01,  8.5686e-01, -1.1402e+00, -4.3185e-01, -5.4539e-01,
         -1.1204e+00,  1.5921e+00, -5.1538e-01,  3.3874e+00,  2.1462e+00]],
       device='cuda:0')}
tensor([ 4.2812, -3.9316, -0.0316,  4.2588,  7.7720,  8.0069,  1.7302,  1.7430,
         6.6537,  5.9160, -1.7635,  4.8745], device='cuda:0')
action: tensor([[-1.2443e+00,  2.1514e-01, -1.0523e+00,  6.5354e-01, -1.0722e+00,
         -4.2913e-01,  3.2397e-01, -1.0218e+00,  1.3501e+00, -2.6775e-01,
          3.0970e+00,  2.0737e+00],
        [-7.8604e-01,  1.8449e-01, -8.0365e-01,  7.1676e-01, -6.5541e-01,
         -6.0530e-01,  2.1765e-01, -6.0687e-01,  1.0513e+00, -4.1794e-01,
          4.7472e+00,  2.4487e+00],
        [-1.4691e+00,  1.3872e-01, -1.0342e+00,  9.8360e-01, -9.6344e-01,
         -6.9783e-01,  3.7108e-02, -9.1201e-01,  1.6597e+00, -4.9187e-01,
          4.1447e+00,  2.1299e+00],
        [-7.9269e-01, -3.1261e-01, -1.4211e+00, -5.1300e-02, -9.6437e-01,
         -4.4577e-01,  3.6576e-01, -9.0779e-01,  1.7387e+00,  4.4551e-02,
          3.5926e+00,  2.0077e+00],
        [-1.5171e+00, -1.1241e-01, -8.5535e-01,  7.5806e-01, -4.4485e-01,
         -2.4122e-01,  5.1645e-02, -1.0803e+00,  1.5071e+00,  4.0081e-01,
          4.5415e+00,  2.7925e+00],
        [-1.3183e+00,  6.8371e-02, -1.1434e+00,  9.3257e-01, -8.4919e-01,
         -1.0139e+00, -1.2407e-01, -1.0749e+00,  1.7196e+00, -1.7323e-01,
          4.0073e+00,  2.0898e+00],
        [-1.0135e+00, -3.9674e-01, -1.1075e+00,  4.5811e-01, -1.0960e+00,
         -7.4182e-01,  6.3752e-02, -9.6043e-01,  1.6887e+00, -1.0414e-01,
          3.9481e+00,  1.9810e+00],
        [-1.7474e+00,  1.3732e-01, -1.3132e+00,  1.0272e+00, -1.2207e+00,
         -5.5115e-01,  2.4749e-01, -1.0770e+00,  9.3440e-01,  2.1935e-01,
          3.3070e+00,  1.6754e+00],
        [-1.3627e+00, -4.1716e-01, -7.1537e-01,  1.0664e+00, -1.1245e+00,
         -3.7323e-01, -4.6287e-01, -4.3361e-01,  1.8127e+00, -3.6957e-02,
          3.7690e+00,  2.9281e+00],
        [-1.0072e+00, -3.6662e-01, -9.4168e-01,  3.0543e-01, -1.3228e+00,
         -7.1355e-01,  1.3933e-02, -9.3430e-01,  1.8153e+00,  4.5510e-03,
          3.6260e+00,  2.2081e+00],
        [-1.2269e+00,  2.4463e-01, -1.3475e+00,  3.0429e-01, -9.0086e-01,
         -1.0605e+00,  4.7487e-01, -7.8408e-01,  1.6457e+00, -2.1328e-01,
          3.3410e+00,  1.9404e+00],
        [-6.1645e-01, -6.5998e-01, -9.1850e-01,  9.7893e-01, -6.1320e-01,
         -4.4427e-01, -8.0662e-01, -7.3434e-01,  2.0430e+00, -2.0961e-01,
          3.5883e+00,  2.7488e+00]], device='cuda:0')
processed action: tensor([[-0.2111, -0.0462, -0.1631,  0.0634,  0.5320,  0.6927,  1.0810,  0.7446,
         -1.1625, -1.5669, -0.7257, -0.9816],
        [-0.0965, -0.0539, -0.1009,  0.0792,  0.6361,  0.6487,  1.0544,  0.8483,
         -1.2372, -1.6045, -0.3132, -0.8878],
        [-0.2673, -0.0653, -0.1585,  0.1459,  0.5591,  0.6255,  1.0093,  0.7720,
         -1.0851, -1.6230, -0.4638, -0.9675],
        [-0.0982, -0.1782, -0.2553, -0.1128,  0.5589,  0.6886,  1.0914,  0.7731,
         -1.0653, -1.4889, -0.6018, -0.9981],
        [-0.2793, -0.1281, -0.1138,  0.0895,  0.6888,  0.7397,  1.0129,  0.7299,
         -1.1232, -1.3998, -0.3646, -0.8019],
        [-0.2296, -0.0829, -0.1858,  0.1331,  0.5877,  0.5465,  0.9690,  0.7313,
         -1.0701, -1.5433, -0.4982, -0.9775],
        [-0.1534, -0.1992, -0.1769,  0.0145,  0.5260,  0.6145,  1.0159,  0.7599,
         -1.0778, -1.5260, -0.5130, -1.0048],
        [-0.3369, -0.0657, -0.2283,  0.1568,  0.4948,  0.6622,  1.0619,  0.7307,
         -1.2664, -1.4452, -0.6732, -1.0812],
        [-0.2407, -0.2043, -0.0788,  0.1666,  0.5189,  0.7067,  0.8843,  0.8916,
         -1.0468, -1.5092, -0.5577, -0.7680],
        [-0.1518, -0.1917, -0.1354, -0.0236,  0.4693,  0.6216,  1.0035,  0.7664,
         -1.0462, -1.4989, -0.5935, -0.9480],
        [-0.2067, -0.0388, -0.2369, -0.0239,  0.5748,  0.5349,  1.1187,  0.8040,
         -1.0886, -1.5533, -0.6648, -1.0149],
        [-0.0541, -0.2650, -0.1296,  0.1447,  0.6467,  0.6889,  0.7983,  0.8164,
         -0.9892, -1.5524, -0.6029, -0.8128]], device='cuda:0')
obs: {'policy': tensor([[-3.0161e-01,  8.2615e-01,  1.2713e-01,  4.9657e-02,  2.2139e-03,
         -8.1673e-01, -1.1532e-02,  9.3344e-02,  2.3353e-02, -6.0417e-02,
          2.0514e-02, -2.0109e-01, -1.0803e-03, -2.3711e-01, -1.9557e-01,
          4.7732e-02, -1.9543e-01,  1.7794e-01, -1.2986e-01,  6.6224e-01,
          2.8402e-01,  8.8780e-02,  2.3045e+00, -4.7785e+00, -2.1174e-01,
          3.2894e+00,  1.2124e+00,  3.3096e+00,  3.6045e+00, -6.5234e+00,
          3.7544e+00,  4.2681e+00, -5.9820e+00, -1.2443e+00,  2.1514e-01,
         -1.0523e+00,  6.5354e-01, -1.0722e+00, -4.2913e-01,  3.2397e-01,
         -1.0218e+00,  1.3501e+00, -2.6775e-01,  3.0970e+00,  2.0737e+00],
        [ 3.5271e-01,  9.9928e-01, -3.8397e-01,  6.8677e-02,  1.3478e-02,
         -8.7458e-01, -2.3331e+00,  2.8059e-01,  2.9148e-02, -8.7992e-03,
          4.1291e-02, -2.0789e-01,  1.9861e-02, -2.5371e-01, -1.1243e-01,
         -2.5439e-02, -1.7761e-01,  1.8665e-01, -1.2133e-01,  6.6222e-01,
          3.6108e-01,  3.0564e+00,  3.6654e+00, -1.8339e+00,  2.1500e+00,
          3.1160e+00, -1.9118e+00,  4.5377e+00,  3.0508e+00, -7.2004e+00,
          2.1462e+00, -1.2833e-03, -5.2722e+00, -7.8604e-01,  1.8449e-01,
         -8.0365e-01,  7.1676e-01, -6.5541e-01, -6.0530e-01,  2.1765e-01,
         -6.0687e-01,  1.0513e+00, -4.1794e-01,  4.7472e+00,  2.4487e+00],
        [-4.9550e-01,  7.4172e-01,  5.9794e-02,  1.4483e-02, -1.2737e-02,
         -7.2020e-01,  1.0240e+00,  1.5039e-01,  1.2111e-02, -1.4995e-01,
          4.7775e-02, -2.0825e-01,  2.9911e-02, -1.5370e-01, -1.5140e-01,
          1.7354e-02, -2.5099e-01,  1.3440e-01, -1.5334e-01,  6.6224e-01,
          2.1767e-01, -1.0748e+00,  1.0676e+00, -6.2546e+00, -1.0934e+00,
          2.8314e+00, -4.4906e-01,  2.8986e+00,  3.0266e+00, -5.6469e+00,
          3.7791e+00, -4.7782e-04, -5.5315e+00, -1.4691e+00,  1.3872e-01,
         -1.0342e+00,  9.8360e-01, -9.6344e-01, -6.9783e-01,  3.7108e-02,
         -9.1201e-01,  1.6597e+00, -4.9187e-01,  4.1447e+00,  2.1299e+00],
        [-7.5630e-01, -3.0744e-01, -5.4608e-01,  1.4414e-02, -5.0727e-02,
         -6.8734e-01,  4.3803e-01,  2.3824e-01, -2.2567e-01, -1.8285e-01,
         -1.0289e-01, -3.6311e-01,  4.0078e-02, -1.5760e-01, -1.9061e-01,
          1.2938e-01, -2.1845e-01,  1.5132e-01, -3.9846e-02,  6.6224e-01,
          2.0270e-01, -3.3126e-01,  1.9114e+00, -3.9017e+00, -5.6269e-01,
          2.8311e+00, -7.4185e-01,  1.8428e+00,  2.5104e+00, -5.6614e+00,
          2.4609e+00, -1.4827e-03, -4.8424e+00, -7.9269e-01, -3.1261e-01,
         -1.4211e+00, -5.1300e-02, -9.6437e-01, -4.4577e-01,  3.6576e-01,
         -9.0779e-01,  1.7387e+00,  4.4551e-02,  3.5926e+00,  2.0077e+00],
        [-4.4223e-01,  9.6635e-01, -6.8037e-02,  4.7667e-02,  5.7965e-03,
         -6.9605e-01, -4.6960e-01,  7.5179e-01, -6.2004e-02, -1.7637e-01,
         -6.1156e-02, -1.4899e-01,  2.0231e-02, -1.7816e-01, -2.1342e-01,
          2.3037e-02, -1.7340e-01,  1.1041e-01,  1.1242e-02,  6.6224e-01,
          3.1547e-01,  2.9037e-01,  2.3621e+00, -4.7563e+00,  3.7689e-01,
          2.6990e+00,  4.1005e-01,  2.4492e+00,  1.5632e+00, -6.5211e+00,
          3.9159e+00, -2.6478e-04, -3.7563e+00, -1.5171e+00, -1.1241e-01,
         -8.5535e-01,  7.5806e-01, -4.4485e-01, -2.4122e-01,  5.1645e-02,
         -1.0803e+00,  1.5071e+00,  4.0081e-01,  4.5415e+00,  2.7925e+00],
        [ 2.4426e-01,  4.2797e-01, -3.1397e-02,  3.7191e-02, -1.9679e-03,
         -7.8197e-01, -4.0863e-01,  4.4417e-01,  7.9456e-02, -2.9541e-02,
         -2.2742e-02, -3.0386e-01,  8.4380e-02, -3.5271e-01, -2.1560e-01,
         -1.8882e-02, -2.0001e-01,  2.2058e-01, -6.2467e-02,  6.6224e-01,
          2.5561e-01,  5.3388e-01,  2.8036e+00, -4.3778e+00,  4.7684e-01,
          2.8484e+00, -4.1871e+00,  1.8071e+00,  2.6536e+00, -6.9056e+00,
          1.7106e+00, -1.6829e-04, -5.0783e+00, -1.3183e+00,  6.8371e-02,
         -1.1434e+00,  9.3257e-01, -8.4919e-01, -1.0139e+00, -1.2407e-01,
         -1.0749e+00,  1.7196e+00, -1.7323e-01,  4.0073e+00,  2.0898e+00],
        [-9.6348e-01, -2.8825e-01, -4.0628e-01,  4.8974e-04, -5.3792e-02,
         -6.8616e-01,  3.4447e-01,  4.8603e-01, -3.0035e-02, -1.6761e-01,
         -7.4237e-02, -3.3972e-01,  5.7833e-02, -9.5446e-02, -2.3975e-01,
          1.0312e-01, -1.8966e-01,  1.5987e-01, -5.3166e-02,  6.6224e-01,
          2.1438e-01, -3.7235e-01,  1.8262e+00, -2.1259e+00, -2.1149e-01,
          2.8547e+00, -7.8805e-01,  9.6097e-02,  2.1373e+00, -6.0931e+00,
          1.6420e+00, -2.6662e-03, -4.5377e+00, -1.0135e+00, -3.9674e-01,
         -1.1075e+00,  4.5811e-01, -1.0960e+00, -7.4182e-01,  6.3752e-02,
         -9.6043e-01,  1.6887e+00, -1.0414e-01,  3.9481e+00,  1.9810e+00],
        [-8.0905e-01,  3.8971e-01,  4.2637e-01,  7.5006e-03, -6.3365e-02,
         -7.3219e-01,  2.5461e-01,  2.8173e-01,  1.7395e-01, -1.9194e-01,
         -4.2527e-02, -2.9602e-01,  2.4447e-02, -7.3307e-02, -2.2525e-01,
          6.1400e-02, -2.0913e-01,  1.7555e-01,  7.4157e-03,  6.6224e-01,
          1.8696e-01, -3.7445e-01,  3.0874e+00, -4.1379e+00, -8.8292e-02,
          3.4016e+00,  1.1616e+00,  3.3900e+00,  2.9247e+00, -6.4837e+00,
          2.2549e+00, -1.0625e-03, -5.3199e+00, -1.7474e+00,  1.3732e-01,
         -1.3132e+00,  1.0272e+00, -1.2207e+00, -5.5115e-01,  2.4749e-01,
         -1.0770e+00,  9.3440e-01,  2.1935e-01,  3.3070e+00,  1.6754e+00],
        [ 5.2173e-02, -5.5940e-02,  5.9770e-01,  4.6840e-02, -3.9012e-02,
         -6.3274e-01, -2.0822e-01,  3.5924e-01,  3.3885e-01, -1.3890e-01,
         -2.6422e-02, -2.4953e-01,  5.8167e-02, -1.4689e-01, -2.3116e-01,
         -8.0699e-02, -1.7704e-01,  1.7162e-01, -7.7040e-02,  6.6224e-01,
          3.0259e-01,  8.0646e-02,  2.5580e-01, -4.3412e-01,  5.4926e-01,
          2.7606e+00,  5.1899e-01,  4.7864e-01,  2.2532e+00, -5.8508e+00,
          3.6670e+00, -2.7441e-04, -4.0778e+00, -1.3627e+00, -4.1716e-01,
         -7.1537e-01,  1.0664e+00, -1.1245e+00, -3.7323e-01, -4.6287e-01,
         -4.3361e-01,  1.8127e+00, -3.6957e-02,  3.7690e+00,  2.9281e+00],
        [-6.9822e-01, -3.8767e-01, -1.1627e-01, -9.8601e-03, -6.5276e-02,
         -6.3542e-01,  7.6129e-02,  3.1926e-01, -1.2036e-01, -1.6822e-01,
         -8.8406e-02, -2.9624e-01,  3.1561e-02, -8.6249e-02, -2.2279e-01,
          8.3718e-02, -2.1187e-01,  1.7728e-01, -5.5242e-02,  6.6224e-01,
          2.1426e-01,  4.0995e-02,  2.0148e+00, -1.6109e+00, -1.4774e-03,
          2.7998e+00, -2.1753e+00,  7.6537e-01,  2.0300e+00, -5.6140e+00,
          3.6235e+00, -1.7165e-03, -4.2870e+00, -1.0072e+00, -3.6662e-01,
         -9.4168e-01,  3.0543e-01, -1.3228e+00, -7.1355e-01,  1.3933e-02,
         -9.3430e-01,  1.8153e+00,  4.5510e-03,  3.6260e+00,  2.2081e+00],
        [-6.0178e-01,  3.0766e-01, -4.2076e-01, -2.9887e-03, -3.7813e-02,
         -7.3484e-01,  9.6382e-01,  5.5207e-02, -1.7912e-01, -1.7432e-01,
          5.5767e-02, -3.6059e-01,  2.6081e-02, -9.5062e-02, -2.3521e-01,
          1.5373e-01, -1.6044e-01,  1.6069e-01, -5.4686e-02,  6.6224e-01,
          2.2237e-01, -9.0193e-01,  2.3541e+00, -5.4211e+00, -1.0715e+00,
          3.0635e+00, -3.0767e+00,  3.6673e+00,  3.1886e+00, -5.6084e+00,
          8.9397e-01, -1.4986e-03, -5.6503e+00, -1.2269e+00,  2.4463e-01,
         -1.3475e+00,  3.0429e-01, -9.0086e-01, -1.0605e+00,  4.7487e-01,
         -7.8408e-01,  1.6457e+00, -2.1328e-01,  3.3410e+00,  1.9404e+00],
        [ 7.9076e-01, -1.3052e-01, -3.6275e-02,  6.8967e-02, -3.8898e-02,
         -6.6763e-01, -1.4209e+00,  4.2052e-01, -1.2021e-01, -8.0348e-02,
         -1.0892e-01, -1.9532e-01,  8.5948e-02, -2.4397e-01, -1.3550e-01,
         -1.3767e-01, -2.4621e-01,  1.4991e-01, -8.6145e-02,  6.4037e-01,
          2.7281e-01,  1.5880e+00,  2.5677e+00,  2.2062e+00,  1.5310e+00,
          2.8462e+00, -1.7547e+00,  3.1159e+00,  1.8047e+00, -6.1573e+00,
          2.9875e+00, -5.7649e+00, -3.7758e+00, -6.1645e-01, -6.5998e-01,
         -9.1850e-01,  9.7893e-01, -6.1320e-01, -4.4427e-01, -8.0662e-01,
         -7.3434e-01,  2.0430e+00, -2.0961e-01,  3.5883e+00,  2.7488e+00]],
       device='cuda:0')}
tensor([  0.1641,  -0.6910,  -0.9491,   6.3339, -12.7997,   7.7390,   3.2940,
          4.5012,   9.1623,   7.8755,   9.4322,   7.7682], device='cuda:0')
